import { MatrixCreate } from "../matrixtools/MatrixCreate";

it("set matrix", () => {
    const temp2 = MatrixCreate({
        row: 10,
        column: 10,
        initializer(r, c) {
            return r * 10 + c;
        },
    });

    expect([
        [0, 1, 2, 3, 4, 5, 6, 7, 8, 9],
        [10, 11, 12, 13, 14, 15, 16, 17, 18, 19],
        [20, 21, 22, 23, 24, 25, 26, 27, 28, 29],
        [30, 31, 32, 33, 34, 35, 36, 37, 38, 39],
        [40, 41, 42, 43, 44, 45, 46, 47, 48, 49],
        [50, 51, 52, 53, 54, 55, 56, 57, 58, 59],
        [60, 61, 62, 63, 64, 65, 66, 67, 68, 69],
        [70, 71, 72, 73, 74, 75, 76, 77, 78, 79],
        [80, 81, 82, 83, 84, 85, 86, 87, 88, 89],
        [90, 91, 92, 93, 94, 95, 96, 97, 98, 99],
    ]).toEqual([...temp2]);

    temp2.keys().forEach(([r, c]) => {
        temp2.set(r, c, r * c);
    });
    expect(temp2.toJSON()).toEqual([
        [0, 0, 0, 0, 0, 0, 0, 0, 0, 0],
        [0, 1, 2, 3, 4, 5, 6, 7, 8, 9],
        [0, 2, 4, 6, 8, 10, 12, 14, 16, 18],
        [0, 3, 6, 9, 12, 15, 18, 21, 24, 27],
        [0, 4, 8, 12, 16, 20, 24, 28, 32, 36],
        [0, 5, 10, 15, 20, 25, 30, 35, 40, 45],
        [0, 6, 12, 18, 24, 30, 36, 42, 48, 54],
        [0, 7, 14, 21, 28, 35, 42, 49, 56, 63],
        [0, 8, 16, 24, 32, 40, 48, 56, 64, 72],
        [0, 9, 18, 27, 36, 45, 54, 63, 72, 81],
    ]);
});
